10.2815229625885
8.61093997420816
8.95808275492255
9.37585343344064
9.63221271344038
10.9411608760381
9.13565195081581
8.88495622865882
7.81454379637922
7.78789175947217
10.2891854231993
9.48662596183559
9.74265209137399
8.84414529714489
9.18062726309646
9.73482305553254
10.6230021854602
10.3303295051746
9.72299621415504
10.3509848337775
9.22610230106913
8.00410640888065
10.3689749586898
8.14419617787336
7.32764439713346
8.0599091111548
9.41583148880123
11.0847487248749
9.16163768680019
8.0302587200957
9.72566141784574
11.7095724151147
7.21970364765989
8.92510085925007
8.78334533795067
8.91344059310324
7.21287406320245
9.99451384014566
9.20094944123809
8.70688730707356
9.51161224643596
8.63925776342191
9.52027415843075
7.28866579315689
8.13603399157057
8.94075893093297
8.64692022403269
9.18512479432453
8.91444004448725
8.16918246247372
9.26691323258306
8.50849620734667
8.65175090572209
8.80083573717093
7.75007918211028
7.3667895763407
9.05769474286267
8.46085569137531
7.73258878289003
8.81566093270048
8.52548688087492
9.76397372089963
9.77047015489573
9.13781742881451
9.3497011222256
9.64320667866454
7.66112800893299
9.19528588339535
9.20677957431151
8.99389642951641
9.10466895791136
8.68306704908788
9.19395328154999
9.5469261953378
7.54502507315663
10.2383799778452
8.39855655510507
9.80878245794962
8.50283264950392
8.10188606928341
9.83226956547396
7.00965228178616
8.30577415162238
9.54192893841773
8.48550882551434
9.54542701826178
9.47513227091942
9.9835198749215
7.8335333726755
7.89250100433236
8.72237880352579
9.47896350122481
8.49966772012121
10.0508162681118
9.46597063323262
8.61543750543623
8.99056492490303
9.04603447671584
9.09051006330449
8.72587688336984
10.4965715853823
9.79712219180278
10.3521508603922
9.11649579928886
9.16863384648829
10.039156001965
8.68423307570256
9.48545993522091
7.89416675663905
8.61943531097229
8.76818699195979
9.44165064955494
7.50321469025869
8.13470138972522
8.57712520238234
8.50666387980931
8.4372020086203
7.98911463812043
7.30548989145447
10.0384897010423
10.2968478838101
8.79800395824956
8.44536419492308
9.63754312082179
9.60506095084132
9.3362085285414
10.910511033595
8.14119782372132
8.98273588906158
7.55535273745811
8.02043078148622
8.92410140786606
9.1809604135578
10.2985136361168
10.3736390651485
9.7501479767541
9.8849073383654
9.20228204308345
8.86363459913318
8.76169055796369
9.55042427518185
10.2968478838101
7.83086816898479
7.67362115123317
7.77706436947868
8.90844333618316
8.44369844261639
9.21727381384367
9.15447495188142
8.61110654943883
8.4786792410569
9.89290294943751
10.2335492961558
8.5951153272946
8.11987619419567
10.064808587488
9.39284410696889
8.01110256856875
8.07556718283769
8.75452782304492
9.50644841428521
8.85663843944508
9.41133395757316
8.77051904518916
8.3892283421876
6.29121331191036
8.93876002816494
9.18828972370724
9.55775358533129
7.57933957067446
8.07873211222041
7.83919693051825
8.3800667045008
9.05852761901602
8.24014351073876
8.61477120451355
9.56058536425267
8.72670975952318
7.75890766933574
7.64097240602203
9.39217780604621
7.50804537194809
9.85192544269291
9.23443106260258
9.20711272477285
8.23631228043337
9.97086015739065
9.42549285218004
9.24525845259607
9.38484849589678
8.89978142418837
8.98057041106288
8.4075516175612
9.22710175245314
8.98739999552032
8.13919892095329
8.03475625132377
10.0944589785471
9.23226558460388
9.66086365311546
8.73453879536463
8.61760298343493
8.82465599515661
9.52976894657889
6.73946725764089
10.0254968330501
7.74125069488482
8.73986920274604
8.93959290431829
9.17163220064034
8.26063226411106
9.446148180783
9.65786529896342
9.68501706156248
9.78329644765725
9.09717307253125
8.06773814699625
9.38668082343414
9.04236982164112
8.87096390928262
9.21744038907434
9.82643943240054
8.81349545470178
9.45630926985382
9.21144368077025
8.83648283653412
9.14231496004257
9.68135240648776
9.07984924854166
6.96301121719881
11.0277799959861
8.08589484713918
9.47513227091942
9.46613720846329
8.32792865730137
9.99184863645496
9.70167458462939
9.17113247494833
10.430774369268
9.91205910096446
10.0596447553373
8.78317876272001
9.0596936456307
9.77779946504517
9.41200025849584
9.90572924219903
7.34780000004442
8.26946075133652
8.54364358101785
9.26458117935369
8.49550333935448
8.10005374174605
10.0030091769098
9.36202768929511
9.88340816128937
8.70605443092022
9.42416025033468
8.96990959630006
9.00022628828184
8.81965873823654
8.72421113106315
8.93476222262888
9.07018788516286
9.05103173363591
8.77051904518916
7.92181824493012
9.09967170099129
9.74265209137399
8.42470886632012
8.21648982798375
8.98107013675489
7.99177984181114
8.11071455650887
9.82510683055519
8.84747680175828
8.79867025917223
7.93581056430632
10.7824146812105
7.5365297363925
8.45385953168721
8.32176537376662
9.61039135822273
9.53210099980826
9.92122073865126
9.91788923403788
8.64858597633938
9.97885576846276
7.60365955435215
9.16663494372026
8.60027915944534
9.38468192066611
9.53026867227089
9.41466546218654
8.82199079146591
8.75952507996499
8.86230199728783
8.81399518039379
10.1346036091384
8.36041082728184
8.24730624565753
8.77285109841852
7.99194641704181
7.46140430736074
10.0088393099832
7.15673821046697
9.09051006330449
9.20711272477285
8.7665212396531
9.87091501898919
10.1411000431345
10.1207778649928
9.70017540755337
8.70139032446148
8.62409941743102
8.44003378754167
8.78068013425997
8.43203817646956
8.71388346676166
7.02997445992779
8.13736659341593
7.61981735172705
8.83998091637817
8.18134245431257
9.40400464742372
8.83048612823003
7.9731234159762
8.78451136456536
9.36069508744976
6.83724691804365
7.80321668069372
9.27074446288844
7.92165166969945
9.92005471203658
9.26491432981503
7.37994901956356
8.29311443409153
7.8631837637346
8.94842139154375
9.2310995579892
9.39934054096499
9.98085467123079
9.49578759952239
10.1617553717374
9.52960237134822
7.58900093405327
9.41766381633859
10.2327164200025
9.31155539440237
8.48434279889965
8.10321867112876
9.55775358533129
7.7349208361194
7.92365057246748
8.77518315164789
8.9335961960142
8.45069460230449
8.41088312217458
8.97573972937348
8.67723691601446
9.857922150997
9.59989711869058
9.73865428583793
9.37385453067261
8.70388895292152
8.94459016123836
9.58423904700768
10.816895753959
9.58857000300508
9.83343559208865
8.93959290431829
8.70855305938025
8.7713519213425
8.11621153912095
7.40443557847191
8.09572278574865
7.59966174881609
7.68661401922536
8.46635267398739
8.59528190252527
7.82803639006342
8.08456224529382
8.58878546852917
9.27224363996447
7.44124870444978
8.5266529074896
9.04370242348647
9.83093696362861
8.65374980849012
9.5329338759616
9.31272142101706
8.9928969781324
9.19611875954869
9.04670077763851
8.12287454834772
9.28940088872338
9.84975996469422
9.29872910164085
7.25718307456043
9.71366800123757
8.77634917826257
8.32509687838
8.62293339081634
9.24059434613734
10.1602561946614
10.109617324538
8.96874356968538
9.43082325956144
8.92260223079004
8.58262218499442
7.94030809553439
7.02297830023969
8.28128759271402
8.23564597951069
8.01093599333808
8.38939491741827
7.25235239287103
8.54031207640447
7.77456574101864
7.98328450504702
7.84819199297438
7.52536919593767
8.63142872758046
7.98045272612564
7.68927922291606
8.4463636463071
8.48234389613162
8.14902685956276
7.85985225912122
8.12953755757448
7.94097439645707
8.01260174564478
8.11871016758099
7.94797055614517
8.05474527900406
8.3504163134417
8.40272093587179
8.71488291814568
9.0666898053188
8.51815757072548
6.96234491627614
8.34841741067367
7.15140780308556
8.25996596318838
7.60982283788691
7.80354983115506
8.40738504233053
7.79138983931622
9.68318473402512
8.47568088690486
7.49871715903062
8.43103872508554
8.27895553948466
8.94442358600769
7.24868773779631
8.38439766049819
9.01638408565674
8.14869370910142
8.36923931450731
10.0694726939468
9.57124617901549
10.7632585296835
8.86996445789861
8.82348996854193
7.82104023037532
8.10671675097281
8.3757357485034
8.31277031131048
8.61543750543623
8.93909317862628
8.30910565623576
8.53231646533235
8.4145477772493
7.44574623567785
8.46402062075802
8.80899792347372
8.49067265766508
7.88000786203218
7.43825035029774
6.82425405005146
8.12037591988768
7.99427847027118
8.26679554764581
8.72604345860051
8.18367450754194
7.71043427721104
8.67890266832115
8.18134245431257
8.68906375739197
8.18867176446201
8.31426948838651
8.65075145433808
9.01804983796343
8.95791617969189
6.70132152981766
7.89866428786711
8.64109009095927
8.66207857002357
9.17946123648178
10.111616227306
9.56291741748204
9.01638408565674
9.23992804521466
7.54252644469659
8.72137935214177
9.27141076381112
8.95341864846382
8.51732469457213
6.76228806424255
7.03330596454117
8.62110106327898
8.70488840430553
9.33570880284939
8.26296431734042
6.62736212740059
8.56246658208346
8.63476023219384
8.27812266333131
8.47534773644352
6.53824437899262
7.48505799011575
7.15307355539225
7.18772120337142
7.67445402738651
6.73863438148754
7.46456923674346
6.53657862668593
6.26955853192337
6.61870021540579
7.20104722182495
6.44063129382053
8.59694765483196
8.16685040924436
8.87229651112797
8.55597014808736
8.09672223713267
8.62210051466299
7.85019089574241
7.94064124599573
7.98761546104441
8.11937646850367
8.04125268531986
7.11342865049301
7.01948022039564
8.02192995856224
7.16023629031102
8.07473430668435
7.70993455151903
7.32248056498272
7.09277332189004
7.0606243023709
7.32481261821209
6.40465104399601
6.47494579133837
6.22325061779736
6.23607691055888
7.0078199542488
6.49460166855732
7.03580459300121
6.52591781192311
7.34696712389107
6.94168958767317
6.69482509582157
6.14446053369088
6.69715714905094
6.56073203513295
7.01614871578225
6.65667936799835
6.64385307523683
6.78694119838158
7.12642151848519
6.45129210858335
6.68299825444406
6.79477023422303
8.36424205758723
6.82008966928473
6.83574774096762
7.06129060329358
6.20925829842116
6.51475727146828
6.74379821363828
6.78694119838158
6.89071756708843
6.33169109296295
7.09210702096736
6.25773169054587
6.59021585096138
6.53791122853128
6.40898199999341
7.66812416862109
7.69944031198688
7.50671277010274
7.51520810686686
7.49971661041463
8.13686686772392
7.30798851991451
7.53119932901109
7.37695066541151
7.71376578182442
8.93409592170621
